(1, 8, 64, 118, 174, 192, 197, 201, 207, 211, 13, 15, 21, 29, 31, 35, 40, 48, 53, 57, 69, 73, 75, 80, 89, 92, 98, 102, 109, 114, 121, 127, 130, 137, 140, 149, 152, 158, 160, 169, 178, 183, 185)
ZNF606	SGK223	SERPINB9


(1, 8, 64, 118, 174, 192, 197, 201, 207, 211, 13, 15, 21, 29, 33, 38, 43, 49, 53, 57, 69, 73, 75, 80, 89, 92, 99, 101, 106, 111, 124, 129, 133, 136, 140, 149, 152, 158, 160, 169, 178, 183, 185)
C3orf58	BRCA1	RAB3C	TNS3	DEPDC4	BICD2	SLC25A16	WISP3	TADA1	CLDN16	SLC2A14	BCL7B	RTEL1	FGFR1OP	CLEC4A	C3orf38


(1, 9, 63, 118, 174, 192, 197, 201, 207, 211, 13, 15, 21, 29, 33, 38, 43, 49, 53, 57, 69, 73, 75, 80, 89, 92, 99, 101, 106, 111, 124, 129, 133, 136, 140, 145, 150, 156, 162, 166, 175, 183, 185)
NAIP


(1, 8, 64, 118, 174, 192, 197, 201, 207, 211, 13, 15, 21, 29, 30, 36, 44, 47, 52, 55, 66, 73, 75, 80, 89, 92, 98, 102, 109, 114, 121, 127, 130, 137, 142, 147, 152, 158, 160, 169, 178, 183, 185)
ALKBH2	DDX56


(1, 8, 64, 117, 173, 192, 197, 201, 207, 211, 13, 15, 21, 29, 30, 36, 44, 47, 52, 55, 66, 73, 75, 80, 89, 92, 99, 101, 106, 111, 124, 129, 133, 136, 140, 149, 152, 158, 160, 169, 178, 183, 185)
HESX1	RRP9


(1, 8, 64, 119, 172, 190, 196, 203, 205, 213, 10, 17, 22, 27, 33, 38, 43, 49, 53, 57, 69, 74, 77, 81, 86, 94, 95, 103, 106, 111, 124, 129, 133, 136, 140, 149, 152, 158, 160, 169, 178, 183, 185)
ISG20L2


(1, 8, 64, 119, 172, 190, 196, 203, 205, 211, 13, 15, 21, 29, 33, 38, 43, 49, 53, 57, 69, 73, 75, 80, 89, 92, 98, 102, 109, 114, 121, 127, 134, 136, 140, 149, 152, 158, 160, 169, 178, 183, 185)
BCAR3


(1, 9, 63, 118, 174, 192, 197, 201, 207, 211, 13, 15, 21, 29, 33, 38, 43, 49, 53, 57, 69, 73, 75, 80, 89, 92, 98, 102, 109, 114, 121, 127, 130, 137, 140, 149, 152, 158, 160, 169, 178, 183, 185)
CIITA	GCNT2	ACADVL	CLCF1	LTB4R	RAPGEFL1	CHORDC1	TSC1	HEATR5B	ERICH1	SOCS4	NOXRED1	BCYRN1	ULK2	SIPA1L2	ENO4	HIP1	NOP9	CHRM3	LYST	RPH3A	TTF2	ABCA1	TEP1	SASH1	DBF4	SUPV3L1	CSAD	NPEPL1	PPFIA1	TMEM74B	AMMECR1L


(1, 8, 64, 118, 174, 192, 197, 201, 207, 211, 13, 15, 21, 29, 33, 38, 43, 49, 53, 57, 69, 74, 77, 81, 88, 91, 97, 103, 106, 111, 124, 129, 133, 136, 140, 149, 152, 158, 160, 169, 178, 183, 185)
PHLPP2


(1, 8, 64, 119, 172, 190, 196, 203, 205, 213, 10, 19, 24, 27, 33, 38, 43, 49, 53, 57, 69, 73, 75, 80, 89, 92, 98, 102, 109, 114, 121, 127, 130, 137, 140, 149, 152, 158, 160, 169, 178, 183, 185)
COPS7A


(1, 9, 63, 118, 174, 192, 197, 201, 207, 210, 11, 15, 21, 29, 33, 38, 43, 49, 53, 57, 69, 73, 75, 80, 89, 92, 95, 103, 106, 111, 124, 129, 133, 136, 140, 149, 152, 158, 160, 169, 178, 183, 185)
ALDH1L2


(1, 8, 64, 118, 174, 192, 197, 201, 207, 211, 13, 15, 21, 29, 31, 35, 40, 48, 53, 57, 69, 74, 77, 81, 86, 94, 95, 103, 106, 111, 124, 129, 133, 136, 140, 149, 152, 158, 160, 169, 178, 183, 185)
DENND2D	MESDC2	CYTL1	GNPNAT1	SLC46A3	SRSF1	GGCX	EIF2B5	TMEM171	SEZ6L	FAM8A1	TMX3


(1, 8, 64, 119, 172, 190, 196, 203, 205, 211, 13, 15, 21, 29, 33, 38, 43, 49, 53, 57, 69, 73, 75, 80, 89, 92, 99, 101, 106, 111, 124, 129, 133, 136, 140, 149, 152, 158, 160, 169, 178, 182, 187)
REPS2


(1, 5, 60, 118, 174, 192, 197, 201, 207, 211, 13, 15, 21, 29, 30, 36, 44, 47, 52, 55, 66, 73, 75, 80, 89, 92, 99, 101, 106, 111, 124, 129, 133, 136, 140, 149, 152, 158, 160, 169, 178, 183, 185)
FOXRED2


(1, 8, 64, 118, 174, 192, 197, 201, 207, 211, 13, 15, 21, 29, 33, 38, 43, 49, 53, 57, 69, 73, 75, 80, 89, 92, 98, 102, 109, 114, 121, 127, 130, 137, 140, 145, 150, 156, 162, 166, 175, 183, 185)
CBWD2


(1, 8, 64, 119, 172, 190, 196, 203, 205, 211, 13, 15, 21, 29, 30, 36, 44, 47, 52, 55, 66, 73, 75, 80, 89, 92, 99, 101, 106, 111, 124, 129, 133, 136, 140, 145, 150, 156, 162, 166, 175, 183, 185)
PDZD11


(1, 8, 64, 118, 174, 192, 197, 201, 207, 211, 13, 15, 21, 29, 33, 38, 43, 49, 53, 57, 69, 74, 77, 81, 86, 94, 95, 103, 106, 111, 124, 129, 133, 136, 140, 149, 152, 158, 160, 169, 178, 183, 185)
PJA2	COPS3	GPATCH11	SV2A	GPATCH3	ORAOV1	RAB11FIP1	DSTYK	ORAI3	ARHGAP11B	CCDC144C	CLSTN1	UPF3A	MORF4L1	AMMECR1	IPP	CNNM1	DNAJC2	BNIP2	MBLAC1	PRRC2B	FAM127C	INADL	DCUN1D5	PDE7A	PCDHGB3	SEPT1	ZNF101	MTX3	RRAGB	KAT7	CA6	MRPL2	KIAA0922	PLD2	GPR89A	SPEF2	DHDDS	PCMTD2	PRKCD	CRNKL1	METTL21A	FMN1	C12orf49	SLC25A38	TMEM108	RAP2C	SLFN13	GLB1	ATP2A2	ARHGAP17	SMARCC2	POLR3D	ZSWIM7	PTGFRN	STRN4	C10orf35	ZKSCAN3	MFSD5	GIGYF2	HARBI1	ASXL1	MAP2K7	SRSF5	CXCR1	SLC5A6	CELF1	ACAN	ZADH2	RSPRY1	MORN2	SPTBN1	ZFX	DHCR7	MAGEF1	CNOT6	MGEA5	FBXW2	HMGXB4	ZNF652	RANBP1	RERE	CCDC15	ATP10A	CCDC125	MORC2	COTL1	DISP1	MAP3K8	SFPQ	GGA2	PDPR	RRP15	UBE3B	POLE4	KPNA1	ALS2CR12	MIA3	DTNA	UBE2B	KRI1	RASA1	SLC6A20	GAS8	NID2	FBXW7	SLC35D1	CECR1	TOM1L2	RPIA	TRAPPC6B	UPRT	NUDT19	MIPOL1	NUDT11	RAB19	DIXDC1	USP48	IGF2R	FAM149B1	CRY1	TMPO	SMAP2	WBP1L	SRPK2	DNAJA2	NAP1L3	TMEM63A	SYDE2	ZNF587B	SBK1	C22orf23	VOPP1	PRPF3	RPL21P44	TACO1	NOP58	RNF214	STRN3	ANP32E	RPL8	HLA-DOB	CD1A	PLBD2	HSF2BP	CCNT1	NOM1	TMEM131	ZNF330	ST3GAL1	AMT	KIAA2018	MDN1


(1, 8, 64, 118, 174, 192, 197, 201, 207, 211, 13, 15, 21, 25, 32, 39, 44, 47, 52, 55, 66, 73, 75, 80, 89, 92, 98, 102, 109, 114, 121, 127, 130, 137, 140, 149, 152, 158, 160, 169, 178, 183, 185)
HPS6


(1, 8, 64, 118, 174, 192, 197, 201, 207, 211, 13, 15, 21, 29, 33, 38, 43, 49, 53, 57, 69, 73, 75, 80, 89, 93, 98, 102, 109, 114, 121, 127, 130, 137, 140, 149, 152, 158, 160, 169, 178, 183, 185)
PRKCSH


(1, 9, 61, 115, 173, 192, 197, 201, 207, 211, 13, 15, 21, 29, 30, 36, 44, 47, 52, 55, 66, 73, 75, 80, 89, 92, 99, 101, 106, 111, 124, 129, 133, 136, 140, 149, 152, 158, 160, 169, 178, 183, 185)
CHRNB1


(1, 8, 64, 118, 174, 192, 197, 201, 207, 211, 13, 15, 21, 29, 33, 38, 43, 49, 53, 57, 69, 73, 75, 80, 89, 92, 99, 101, 106, 111, 124, 129, 133, 136, 140, 145, 150, 155, 160, 169, 178, 183, 185)
ARHGAP23


(1, 8, 64, 119, 172, 190, 196, 203, 205, 211, 13, 15, 21, 29, 30, 36, 44, 47, 52, 55, 66, 73, 75, 80, 89, 92, 99, 101, 106, 111, 124, 129, 133, 136, 140, 145, 150, 156, 162, 166, 175, 184, 186)
SCCPDH


(1, 8, 64, 119, 172, 190, 196, 203, 205, 211, 13, 15, 21, 29, 33, 38, 43, 49, 53, 57, 69, 74, 77, 81, 86, 94, 95, 103, 106, 111, 124, 129, 133, 136, 140, 149, 152, 158, 160, 169, 178, 183, 185)
CCDC3	PPM1A	WSCD1	RAP1A	LUZP1	MRPS18B	CCDC102B	HDAC3	KIAA2026	FRMD3	PUM2	R3HDM1	EXO1	KCNA3	EXOSC9	CDK5RAP2	SF3A3	NPPA-AS1	SSH1	ZNF561	RPA1	SGPP2	UBE2Z	TICRR	SLC25A18	USP31	ACLY	ASH2L	CNOT6L	PPP1R10	RHOA	ZNF347	MAPKAPK5	FCRL3	ACADSB	CKAP5	OR2B6	CEP55	NFIB	HCCS	HOMEZ	CSNK2A3	TUBGCP4	CORO1C	CCDC18	FYCO1	SHROOM4	C10orf12	UFD1L	CACYBP	MNAT1	KTN1	ALOX5AP	TEX9	TRAF3IP1	RHBDD2	CINP	TESK2	NCOA7	GNG2	MARK2	PCM1	IGBP1	HP1BP3	RBP7	AKD1	HIVEP2	TXNL4B	MAST4	RNF187	EIF1	MBTPS2	SLU7	KIR3DL1	VPS26B	SIRT3	MAPRE1	NDUFA1	TNIP1	C6orf163	FCHSD2	CCND2	TEX261	SPRED2	COPZ2	HEBP1	SLC35F6	TUSC2	PTP4A1	CDC16	RSL1D1	NR3C2	COG7	IFT88	HOOK1	NT5DC1	LONP2	KIR2DL1	PHF11	PDLIM1	CCSER2	JRKL	POF1B	CD160	TBC1D19	NCOA1	MSH2	RNF113A	CLU	PHF17	MADD	SLC4A4	C14orf93	EIF2D	NOP56	STAP1	DSTN	XPO7


(1, 9, 63, 116, 171, 191, 198, 203, 205, 211, 13, 15, 21, 29, 33, 38, 43, 49, 53, 57, 69, 73, 75, 80, 89, 92, 99, 101, 106, 111, 124, 129, 133, 136, 140, 149, 152, 158, 160, 169, 178, 183, 185)
HJURP


(1, 8, 64, 118, 174, 192, 197, 201, 207, 211, 13, 15, 21, 29, 30, 36, 44, 47, 52, 55, 66, 73, 75, 80, 89, 92, 98, 102, 109, 114, 121, 126, 130, 137, 140, 149, 152, 158, 160, 169, 178, 183, 185)
ADAMTS14


(1, 8, 64, 119, 172, 190, 196, 203, 205, 211, 13, 15, 21, 29, 33, 38, 43, 49, 53, 57, 69, 73, 75, 80, 89, 92, 98, 102, 109, 114, 121, 127, 130, 137, 140, 145, 150, 156, 162, 166, 175, 183, 185)
SERPING1


(1, 9, 63, 118, 174, 192, 197, 201, 207, 211, 13, 15, 21, 29, 30, 36, 44, 47, 52, 55, 66, 73, 75, 80, 89, 90, 96, 101, 106, 111, 124, 129, 133, 136, 140, 149, 152, 158, 160, 169, 178, 183, 185)
SH3TC1


(1, 8, 64, 118, 174, 192, 197, 201, 207, 211, 13, 15, 21, 29, 30, 36, 44, 47, 52, 55, 66, 73, 75, 80, 89, 92, 99, 101, 106, 111, 124, 129, 133, 136, 140, 145, 150, 156, 162, 166, 175, 183, 185)
HIAT1	MS4A6A


(1, 9, 61, 115, 173, 192, 197, 201, 207, 211, 13, 15, 21, 29, 31, 35, 40, 48, 53, 57, 69, 73, 75, 80, 89, 92, 98, 102, 109, 114, 121, 127, 130, 137, 140, 149, 152, 158, 160, 169, 178, 183, 185)
NCOA5


(1, 9, 63, 118, 174, 192, 197, 201, 207, 211, 13, 15, 21, 29, 33, 38, 43, 49, 53, 57, 69, 73, 75, 80, 89, 92, 98, 102, 109, 114, 121, 127, 134, 136, 140, 149, 152, 158, 160, 169, 178, 183, 185)
MYO1F


(1, 8, 64, 119, 172, 190, 196, 203, 205, 211, 13, 15, 21, 29, 30, 36, 44, 47, 52, 55, 66, 73, 75, 80, 89, 92, 98, 102, 109, 114, 121, 126, 130, 137, 140, 149, 152, 158, 160, 169, 178, 183, 185)
GPC3


(1, 8, 64, 119, 172, 192, 197, 201, 207, 211, 13, 15, 21, 29, 30, 36, 44, 47, 52, 55, 66, 73, 75, 80, 89, 92, 99, 101, 106, 111, 124, 129, 133, 136, 140, 149, 152, 158, 160, 169, 178, 183, 185)
PLA2G4A


(1, 8, 64, 118, 174, 192, 197, 201, 207, 211, 13, 15, 21, 29, 30, 36, 44, 47, 52, 55, 66, 73, 75, 80, 89, 92, 98, 102, 109, 114, 121, 127, 134, 136, 140, 149, 152, 158, 160, 169, 178, 183, 185)
GPRIN1


(1, 8, 64, 118, 174, 192, 197, 201, 207, 211, 13, 15, 21, 29, 30, 36, 44, 47, 52, 55, 66, 73, 75, 80, 89, 92, 98, 102, 109, 114, 121, 127, 130, 137, 140, 145, 150, 156, 162, 166, 175, 183, 185)
RNF31	LAMP3


(1, 8, 64, 119, 172, 190, 196, 203, 205, 211, 13, 15, 21, 29, 30, 36, 44, 47, 52, 55, 66, 73, 75, 80, 89, 92, 98, 102, 109, 114, 121, 127, 130, 137, 140, 149, 152, 158, 160, 169, 178, 183, 185)
PRCP	MED30	VTA1	ALPK2	ING4	MRPL22	MRPL39	ZNF385C	PRKRA	PCBP4	CCRN4L	COX7C	RTKN	PTPRN2	DYRK4	ZNF585B	FAM32A	ABHD11	EPB41L4A-AS1	KCNC4	RUVBL1	ZNF254	TBC1D5	NME6	ACTR1B	ZNF826P	INTS12	SLC25A28	FBLN5	ZNF354A	N6AMT1	BTBD2	PGBD2	SMYD4	CD8B	NSMCE4A	POLR2J3	RFC2	CD96	DDX59	ZNF583	DCLRE1C	KIAA1211L	GTPBP10	PABPC1L	SH2D2A	MTO1	ZNF75D	LTA	POLI	CD83	ATP5G2	CHURC1	RMI1	NAALADL1	ZNF32	HUS1B	ASNSD1	THG1L	ZNF334	FANCM	PFKP	ROCK1P1	MMP11	HMOX2	PPP3CA	MRM1	SERPINA1	TGFBRAP1	GPAT2	ZNF525	COLEC12	GSTP1	PSENEN	NT5C	TMEM251	TMEM198	PLGRKT	GNLY


(1, 9, 63, 118, 174, 192, 197, 203, 205, 211, 13, 15, 21, 29, 33, 38, 43, 49, 53, 57, 69, 73, 75, 80, 89, 92, 98, 102, 109, 114, 121, 127, 130, 137, 140, 149, 152, 158, 160, 169, 178, 183, 185)
OGFRL1


(1, 8, 64, 119, 172, 190, 196, 203, 205, 211, 13, 15, 21, 29, 30, 36, 44, 47, 52, 55, 66, 73, 75, 80, 89, 92, 99, 101, 106, 111, 124, 129, 133, 139, 143, 146, 154, 158, 160, 169, 178, 183, 185)
GSTZ1


(1, 9, 63, 118, 174, 192, 197, 201, 207, 211, 13, 15, 21, 29, 30, 36, 44, 47, 52, 55, 66, 73, 75, 80, 89, 92, 99, 101, 106, 111, 124, 129, 133, 136, 140, 149, 152, 158, 160, 169, 178, 183, 185)
LPCAT1	ALYREF	ALDH4A1	MRPL28	WDR83	KCNJ15	R3HDM4	MFSD2A	CLEC3B	ATOH8	POMP	SLC35A3	NACC2	SLC25A29	SIVA1	OSBPL5	KCNQ3	TMEM168	CDC25A	YIPF2	HIST1H3F	C10orf32	TPK1	LNX1	CHCHD6	RETN	TOR4A	FAM20C	COX8A	HIST2H3D	HIST1H3C	CLCN2	ZDHHC1	TIA1	TTYH3	SLC22A15	LCA5L	ICAM4	PYROXD2	OPLAH	NPHP3-ACAD11


(1, 8, 64, 118, 174, 192, 197, 201, 207, 211, 13, 15, 21, 29, 33, 38, 43, 49, 53, 57, 69, 73, 75, 80, 89, 92, 98, 102, 109, 114, 121, 126, 132, 135, 144, 148, 152, 158, 160, 169, 178, 183, 185)
EXOSC2


(1, 9, 63, 116, 171, 191, 198, 203, 205, 211, 13, 15, 21, 29, 33, 38, 43, 49, 53, 57, 69, 73, 75, 80, 89, 92, 98, 102, 109, 114, 121, 127, 130, 137, 140, 149, 152, 158, 160, 169, 178, 183, 185)
ZNF804A


(1, 8, 64, 119, 172, 190, 196, 203, 205, 211, 13, 15, 21, 29, 30, 36, 44, 47, 52, 55, 66, 73, 75, 80, 89, 92, 98, 102, 109, 114, 121, 127, 130, 137, 140, 145, 150, 156, 162, 166, 175, 183, 185)
PSME2	LAP3	STAT2


(1, 8, 64, 118, 174, 192, 197, 201, 207, 211, 13, 15, 21, 29, 30, 36, 44, 47, 52, 55, 66, 73, 75, 80, 89, 92, 98, 102, 109, 114, 121, 127, 130, 137, 143, 146, 154, 158, 160, 169, 178, 183, 185)
COX20


(1, 8, 64, 118, 174, 192, 197, 201, 207, 211, 13, 15, 21, 29, 30, 36, 44, 47, 52, 55, 66, 73, 75, 80, 89, 92, 99, 101, 106, 111, 124, 129, 133, 136, 140, 145, 150, 156, 162, 166, 175, 184, 186)
NAAA	AKR1A1


(1, 8, 64, 118, 174, 192, 197, 201, 207, 211, 13, 15, 21, 29, 33, 38, 43, 49, 53, 57, 69, 73, 75, 80, 89, 92, 98, 102, 109, 114, 121, 127, 130, 137, 143, 146, 151, 156, 162, 166, 175, 183, 185)
C2


(1, 8, 64, 118, 174, 192, 197, 201, 207, 211, 13, 15, 21, 29, 33, 38, 43, 49, 53, 57, 69, 73, 75, 80, 89, 92, 99, 101, 106, 111, 124, 129, 133, 139, 143, 146, 154, 158, 160, 169, 178, 183, 185)
SPTBN4


(1, 9, 63, 116, 171, 191, 198, 203, 205, 211, 13, 15, 21, 29, 30, 36, 44, 47, 52, 55, 66, 73, 75, 80, 89, 92, 98, 102, 109, 114, 121, 127, 130, 137, 140, 149, 152, 158, 160, 169, 178, 183, 185)
PDS5A	LZTFL1	BCAS2	DUSP10	TBCB	SUCO


(1, 8, 64, 119, 172, 190, 196, 203, 205, 211, 13, 15, 21, 29, 31, 35, 40, 48, 53, 57, 69, 73, 75, 80, 89, 92, 98, 102, 109, 114, 121, 127, 130, 137, 140, 149, 152, 158, 160, 169, 178, 183, 185)
METTL13	MIR155HG


(1, 8, 64, 119, 172, 190, 196, 203, 205, 211, 13, 15, 21, 29, 30, 36, 44, 47, 52, 55, 66, 73, 75, 80, 89, 92, 98, 102, 107, 112, 122, 128, 130, 137, 140, 149, 152, 158, 160, 169, 178, 183, 185)
NDUFV3


(1, 9, 63, 118, 174, 192, 197, 201, 207, 211, 13, 15, 21, 29, 30, 36, 44, 47, 52, 55, 66, 73, 75, 80, 89, 92, 98, 102, 109, 114, 121, 126, 130, 137, 140, 149, 152, 158, 160, 169, 178, 183, 185)
ENDOU


(1, 8, 64, 118, 174, 192, 197, 201, 207, 211, 13, 15, 21, 29, 30, 36, 44, 47, 52, 55, 66, 73, 75, 80, 89, 92, 99, 101, 106, 111, 124, 129, 133, 136, 140, 149, 152, 158, 160, 169, 178, 183, 185)
SLC35E3	CPSF4	GBE1	DCAF13	TMEM68	SLC39A9	PLEKHO2	RTN4RL1	KCNH7	FBXO22	PTGDR	DNAH3	SLC25A19	PAPSS1	CDCA5	NR1I2	KLHL18	CHIC2	COX16	POLR3H	CWF19L1	ST5	GPR35	HBD	PDXP	OXSM	SEMA7A	ERMAP	TSPAN31	HSD17B11	WLS	RMI2	TMEM203	SPPL2A	USP50	AP1S2	MGST3	NINJ1	COG3	AQP1	MOCS3	NAGLU	ATP6AP1	TMEM101	BIVM	TCTEX1D2	CYP4F22	DNAJB9	PPP1CB	DNPEP	NAT8	ITGAM	FAM185A	GNAI3	SPNS3	GALC	FAM105A	KLHL7	COMMD3	PEMT	BTBD8	CAMSAP1	PYCARD	WSB2	YIPF6	FADS2	PNO1	CCDC12


(1, 8, 64, 119, 172, 190, 196, 203, 205, 211, 13, 15, 21, 29, 30, 36, 44, 47, 52, 55, 66, 73, 75, 80, 89, 92, 98, 102, 109, 114, 121, 127, 130, 137, 143, 146, 151, 156, 162, 166, 175, 183, 185)
CXCL10


(1, 8, 64, 118, 174, 192, 197, 201, 207, 210, 11, 15, 21, 29, 33, 38, 43, 49, 53, 57, 69, 73, 75, 80, 89, 92, 99, 101, 106, 111, 124, 129, 133, 136, 140, 149, 152, 158, 160, 169, 178, 183, 185)
NPL


(1, 5, 60, 118, 174, 192, 197, 201, 207, 211, 13, 15, 21, 29, 33, 38, 43, 49, 53, 57, 69, 74, 77, 81, 86, 94, 95, 103, 106, 111, 124, 129, 133, 136, 140, 149, 152, 158, 160, 169, 178, 183, 185)
P4HB


(1, 8, 64, 119, 172, 190, 196, 203, 205, 211, 13, 15, 24, 28, 30, 36, 42, 49, 53, 57, 69, 74, 77, 81, 86, 94, 95, 103, 106, 111, 124, 129, 133, 136, 140, 149, 152, 158, 160, 169, 178, 183, 185)
CADM1


(1, 8, 64, 119, 172, 190, 196, 203, 205, 211, 13, 15, 21, 29, 33, 38, 43, 49, 53, 57, 69, 74, 77, 81, 86, 94, 95, 103, 106, 111, 124, 129, 133, 136, 140, 145, 150, 156, 162, 166, 175, 183, 185)
DTX3L


(1, 8, 64, 119, 172, 190, 196, 203, 205, 211, 13, 15, 21, 29, 30, 36, 44, 47, 52, 55, 66, 73, 75, 80, 89, 92, 98, 102, 109, 114, 121, 127, 130, 137, 140, 149, 153, 159, 161, 166, 175, 183, 185)
PRR13


(1, 9, 63, 118, 174, 192, 197, 201, 207, 210, 11, 15, 21, 29, 30, 36, 44, 47, 52, 55, 66, 73, 75, 80, 89, 92, 98, 102, 109, 114, 121, 127, 130, 137, 140, 149, 152, 158, 160, 169, 178, 183, 185)
CYP1B1


(1, 9, 63, 118, 174, 192, 197, 201, 207, 211, 13, 15, 21, 29, 30, 36, 44, 47, 52, 55, 66, 73, 75, 80, 89, 92, 98, 102, 109, 114, 121, 127, 130, 137, 140, 149, 152, 158, 160, 169, 178, 183, 185)
CLEC4G	KLHL17	SKIV2L	FAU	PI4KAP1	VPS52	CLCN7	ST6GALNAC3	PPP1R3F	TRIOBP	RANGAP1	ZNF274	RASIP1	CACNA1C	GADD45G	CARKD	TNFRSF12A	NLRP9	CARHSP1	ZNF879	ZNF658	NPDC1	D2HGDH	WARS2	SLC45A4	C1orf174	AVPR2	APBB1	GSG2	SNX18	EFNA4	SERTAD1	VTN	XRCC1	POLR2J4	POMT2	TSPAN32	METTL10	ZC3H11A	SNPH	SH3GLB2	NSUN5P1	AURKAIP1	TBC1D8	KLHL14	FLYWCH1	ABCA7	PPP6R2	INO80B	GTF2F1	PIBF1	SLX4	KIAA0141	METRN	TMED6	VASH2	LIPE	IKBKE	PTPRCAP	DEF6	SLC27A1	SPNS1	AP2A2	USF1	DGCR11	PET117	NOC2L	ZNF517	LMO4	NAA38	SLC11A1	TFAP4	CEP85	NOG	NDUFAF6	ZNF768	ZFP36	MICAL1	CABYR	ARL8A	TUBGCP6	CCDC124	EML3	TMC6	P4HTM	SLC25A34	CERS6	ZNF513	JUNB	AIM1L


(1, 8, 64, 118, 174, 192, 197, 201, 207, 211, 13, 15, 21, 29, 31, 35, 40, 48, 53, 57, 69, 73, 75, 80, 89, 92, 99, 101, 106, 111, 124, 129, 133, 136, 140, 149, 152, 158, 160, 169, 178, 183, 185)
LYSMD3


(1, 8, 64, 119, 172, 190, 196, 203, 205, 211, 13, 15, 21, 29, 30, 36, 44, 47, 52, 55, 66, 73, 75, 80, 89, 92, 99, 101, 106, 111, 124, 129, 133, 136, 140, 149, 152, 158, 160, 169, 178, 183, 185)
TCEB2	CAT	ICAM2	UBE2E3	LILRA4	PTPN22	SETDB2	ZFY	SSR4P1	EXT2	COPS8	MR1	BBS9	AP3S1	EMC8	TNFAIP8L1	RET	UBL5	MSC	HYAL3	TEX30	KRT5	GATA1	HSPB3	IL12RB2	SLC27A4	KLRF2	MPP7	NQO1	GLYATL2	DNA2	OAZ1	TRAF7	PRADC1	CXCL3	CYB5B	PIK3C3	PRDX4	PLAC8	NUP35	FAM60A	FANCL	ZNF680	CD244	HRASLS5	PDIA5	CCDC103	HAVCR2	FAM110C	RHOC	MAT2B	DGUOK	TNFSF18	IL27	VPS4B


(1, 8, 64, 118, 174, 192, 197, 201, 207, 211, 13, 15, 21, 25, 32, 39, 44, 46, 53, 57, 69, 74, 77, 81, 86, 94, 95, 103, 106, 111, 124, 129, 133, 136, 140, 149, 152, 158, 160, 169, 178, 183, 185)
UNC13B


(1, 9, 63, 118, 174, 192, 197, 201, 207, 211, 13, 15, 21, 29, 33, 38, 43, 49, 53, 57, 69, 73, 75, 80, 89, 92, 99, 101, 106, 111, 124, 129, 133, 136, 140, 149, 152, 158, 160, 169, 178, 183, 185)
OPHN1	METTL21D	HDAC5	SBSPON	COMT


(1, 9, 63, 116, 171, 191, 198, 203, 205, 211, 13, 15, 21, 29, 30, 36, 44, 47, 52, 55, 66, 73, 75, 80, 89, 92, 98, 102, 109, 114, 121, 127, 130, 137, 143, 146, 151, 156, 162, 166, 175, 183, 185)
OAS1


(1, 8, 64, 119, 172, 190, 196, 203, 205, 211, 13, 15, 21, 29, 30, 36, 44, 47, 52, 55, 66, 73, 75, 80, 89, 92, 98, 102, 109, 114, 121, 127, 130, 137, 143, 146, 154, 158, 160, 169, 178, 183, 185)
CTSF


(1, 8, 64, 118, 174, 192, 197, 201, 207, 211, 13, 15, 21, 29, 33, 38, 43, 49, 53, 57, 69, 73, 75, 80, 89, 92, 98, 102, 107, 112, 122, 128, 130, 137, 140, 149, 152, 158, 160, 169, 178, 183, 185)
TLE4


(1, 9, 63, 118, 174, 192, 197, 201, 207, 211, 13, 15, 21, 29, 31, 35, 40, 48, 53, 57, 69, 74, 77, 81, 86, 94, 95, 103, 106, 111, 124, 129, 133, 136, 140, 149, 152, 158, 160, 169, 178, 183, 185)
CHIC1


(1, 8, 64, 119, 172, 190, 196, 203, 205, 211, 13, 15, 21, 29, 33, 38, 43, 49, 53, 57, 69, 73, 75, 80, 87, 94, 95, 103, 106, 111, 124, 129, 133, 136, 140, 149, 152, 158, 160, 169, 178, 183, 185)
FAM86B1


(1, 8, 64, 118, 174, 192, 197, 201, 207, 211, 13, 15, 21, 29, 33, 38, 43, 49, 53, 57, 69, 73, 75, 80, 89, 92, 98, 102, 106, 111, 124, 129, 133, 136, 140, 149, 152, 158, 160, 169, 178, 183, 185)
ALOX15B	OTOF


(1, 9, 63, 118, 174, 192, 197, 201, 207, 211, 13, 15, 21, 29, 30, 36, 44, 47, 52, 55, 66, 73, 75, 80, 89, 92, 98, 102, 109, 114, 121, 127, 130, 137, 140, 145, 150, 156, 162, 166, 175, 183, 185)
NCF4


(1, 9, 63, 116, 171, 191, 198, 203, 205, 211, 13, 15, 21, 29, 30, 36, 44, 47, 52, 55, 66, 73, 75, 80, 89, 92, 99, 101, 106, 111, 124, 129, 133, 136, 140, 149, 152, 158, 160, 169, 178, 183, 185)
BUB1	APOBEC3H


(1, 8, 64, 118, 174, 192, 197, 201, 207, 210, 11, 15, 21, 29, 33, 38, 43, 49, 53, 57, 69, 74, 77, 81, 86, 94, 95, 103, 106, 111, 124, 129, 133, 136, 140, 149, 152, 158, 160, 169, 178, 183, 185)
DSC2


(1, 9, 63, 118, 174, 192, 197, 201, 207, 211, 13, 15, 21, 29, 33, 38, 43, 49, 53, 57, 69, 74, 77, 81, 86, 94, 95, 103, 106, 111, 124, 129, 133, 136, 140, 149, 152, 158, 160, 169, 178, 183, 185)
BTBD7	FITM2	DOM3Z	GPR3	TNIP3	SPTLC3	ZNF224	ASB16	DHX57	CTHRC1	TRERF1	NHS	RUFY2	SPOPL	ADD2	SRF	PDXDC2P	YTHDF3	PCDHGA12	RAPH1	FAM153B	KIF5A	CASK	PBK	ORC1	TTTY15	SLC7A5P2	TSC22D2	KCNJ9	CWC25	SESTD1	ZMAT4	LUC7L3	PPIL2	TMEM99	SETD1A	SEC31B	CCDC59	LRRTM2	ITPR1	CLCN6	CRHBP	NBPF9	ZCWPW1	HIGD1B	HUS1	TAS2R50	DGCR8	SPDYE6	ZNF207	C7orf71	ANKRD18A	FBXO11	SNRPA1	LINC00266-1	TXLNA	NOTCH2	ZNF483	MYH3


(1, 8, 64, 119, 172, 190, 196, 203, 205, 212, 12, 17, 22, 27, 33, 38, 43, 49, 53, 57, 69, 73, 75, 80, 89, 92, 99, 101, 106, 111, 124, 129, 133, 136, 140, 149, 152, 158, 160, 169, 178, 183, 185)
SAR1A


(1, 9, 63, 118, 174, 192, 197, 201, 207, 211, 13, 15, 21, 29, 30, 36, 44, 47, 52, 55, 66, 73, 75, 80, 89, 92, 98, 102, 109, 114, 121, 127, 130, 137, 140, 149, 152, 158, 161, 166, 175, 180, 187)
SERHL


(1, 8, 64, 118, 174, 192, 197, 201, 207, 211, 13, 15, 21, 29, 33, 38, 43, 49, 53, 57, 69, 73, 75, 80, 89, 92, 95, 103, 106, 111, 124, 129, 133, 136, 140, 149, 152, 158, 160, 169, 178, 183, 185)
KIF24


(1, 9, 63, 118, 174, 192, 197, 201, 207, 211, 13, 15, 21, 29, 31, 35, 40, 48, 53, 57, 69, 73, 75, 80, 89, 92, 98, 102, 109, 114, 121, 127, 130, 137, 140, 149, 152, 158, 160, 169, 178, 183, 185)
SH3BP5L


(1, 9, 63, 118, 174, 192, 197, 201, 207, 211, 13, 15, 21, 29, 33, 38, 43, 49, 50, 58, 66, 73, 75, 80, 89, 92, 98, 102, 109, 114, 121, 127, 130, 137, 140, 149, 152, 158, 160, 169, 178, 183, 185)
FKBP14	CAMKK1


(1, 8, 64, 119, 172, 190, 196, 203, 205, 211, 13, 15, 21, 29, 33, 38, 43, 49, 53, 57, 69, 73, 75, 80, 89, 92, 98, 102, 109, 114, 121, 127, 130, 137, 140, 149, 152, 158, 160, 169, 178, 183, 185)
CARD16	ARFIP2	IFITM4P	NEBL	LRFN2	FBXL19-AS1	ERN1	ZNF143	NUP153	ZNF91	SCRN3	PQBP1	PIP5K1A	ZNF878	HIF1A	C2orf16	ENAM	CDC37L1	METTL12	ZNF432	COQ9	GAPT


(1, 9, 63, 118, 174, 192, 197, 201, 207, 211, 13, 15, 21, 29, 30, 36, 44, 47, 52, 55, 66, 73, 75, 80, 89, 92, 98, 102, 109, 114, 121, 127, 130, 136, 140, 149, 152, 158, 160, 169, 178, 183, 185)
HAGHL


(1, 8, 64, 119, 172, 190, 196, 203, 205, 211, 13, 15, 21, 25, 32, 39, 44, 47, 52, 55, 66, 73, 75, 80, 89, 92, 99, 101, 106, 111, 124, 129, 133, 136, 140, 149, 152, 158, 160, 169, 178, 183, 185)
PRPSAP1	TBC1D1


(1, 9, 63, 116, 171, 191, 198, 203, 205, 211, 13, 15, 21, 29, 33, 38, 43, 49, 53, 57, 69, 74, 77, 81, 86, 94, 95, 103, 106, 111, 124, 129, 133, 136, 140, 149, 152, 158, 160, 169, 178, 183, 185)
OSBPL9	SMG7


(1, 9, 63, 118, 174, 192, 197, 201, 207, 211, 13, 15, 21, 29, 30, 36, 44, 47, 52, 55, 66, 73, 75, 80, 89, 92, 99, 101, 106, 111, 124, 129, 133, 136, 140, 145, 150, 156, 162, 166, 175, 183, 185)
SCARF1


(1, 9, 63, 118, 174, 192, 197, 201, 207, 211, 13, 15, 21, 29, 30, 36, 44, 47, 52, 55, 66, 73, 75, 80, 89, 92, 98, 102, 109, 114, 121, 127, 134, 136, 140, 149, 152, 158, 160, 169, 178, 183, 185)
CDK1


(1, 8, 64, 118, 174, 192, 197, 201, 207, 211, 13, 15, 21, 29, 30, 36, 44, 47, 52, 55, 66, 73, 75, 80, 89, 92, 98, 102, 109, 114, 121, 127, 130, 137, 140, 149, 152, 158, 160, 169, 178, 183, 185)
KLHL41	CLEC17A	RPP40	PKIB	TRPM2	CTU2	NCF1C	CEACAM21	OXR1	PRR5	ARL6	TBRG4	SNAPC1	SERPINH1	TMEM27	C17orf104	AMN	KDM8	ZNF256	LPCAT3	ZNF569	PRSS35	TBC1D9B	CCDC22	E2F8	TBC1D9	HRAS	TYW3	AP1S3	SFR1	HSPA12B	TRIM59	IFNL1	PDK4	ZNF396	IVD	RUFY4	POU5F1B	CCDC43	FAM209A	KDELC1	CDK9	ZNF772	PSMB10	IBA57	ACPT	TMEM129	MYO7B	FBXO45	GRM2	ACO1	AGMAT	MST1P2	VMO1	ZNF235	MBOAT4	CABP7	BRSK2	GGT1	KCTD13	UPP1	PUS7L	C1orf159	SSNA1	TMEM139	HDAC6	TYSND1	RPS4Y1	HSPA1L	FBLN7	SCYL3	FASTKD5	CHRNA10	EMP1	SH2D4B	SLC35B3	ERP29	CEBPG	ZNF699	GALNS	WDR34	FAM136A	PLLP	RCN2	SYBU


(1, 8, 64, 119, 172, 190, 196, 203, 205, 211, 13, 15, 21, 29, 33, 38, 43, 49, 53, 57, 69, 74, 77, 81, 88, 91, 97, 103, 106, 111, 124, 129, 133, 136, 140, 149, 152, 158, 160, 169, 178, 183, 185)
PBRM1


(1, 8, 64, 119, 172, 190, 196, 203, 205, 211, 13, 15, 21, 29, 33, 38, 43, 49, 53, 57, 69, 73, 75, 80, 89, 92, 99, 101, 106, 111, 124, 129, 133, 136, 140, 149, 152, 158, 160, 169, 178, 183, 185)
THRB	MNS1	CRAT	TREML1	MBNL2	SENP5	DNM3	ATP13A4	SKA3	TM4SF1	C15orf54	EPOR	DNAH12	TTC30A	CDKL4	HIST1H1T	PLCB4	IGF2BP2	PDGFRA	HBG2	TMEM67	MOB1B	PSMB9	UBL4A	FPR3	HBEGF	EFHC2	ZNF542	ARHGAP6	RAD51C	DUSP19	SMIM3	TBC1D14	PLA2G12A	SH3BGRL2	LARP4	MGAT4B	INPP5B	HIPK3	MFN2


(1, 9, 63, 118, 174, 192, 197, 201, 207, 211, 13, 15, 21, 29, 30, 36, 44, 47, 52, 55, 66, 73, 75, 80, 89, 92, 98, 102, 109, 114, 121, 127, 130, 137, 143, 146, 154, 158, 160, 169, 178, 183, 185)
FAM90A1


(1, 8, 64, 119, 172, 190, 196, 203, 205, 212, 12, 17, 22, 27, 33, 38, 43, 49, 53, 57, 69, 74, 77, 81, 86, 94, 95, 103, 106, 111, 124, 129, 133, 136, 140, 149, 152, 158, 160, 169, 178, 183, 185)
KLF10	PDGFRB


(1, 8, 64, 119, 172, 190, 196, 203, 205, 211, 13, 15, 21, 29, 31, 35, 40, 48, 53, 57, 69, 74, 77, 81, 86, 94, 95, 103, 106, 111, 124, 129, 133, 136, 140, 149, 152, 158, 160, 169, 178, 183, 185)
UTP14C	BTN3A3	GID4	MTDH	LRRN3	S100PBP


(1, 8, 64, 118, 174, 192, 197, 201, 207, 211, 13, 15, 21, 29, 33, 38, 43, 49, 53, 57, 69, 73, 75, 80, 89, 92, 98, 102, 109, 114, 121, 127, 130, 137, 140, 149, 152, 158, 160, 169, 178, 183, 185)
LYG2	SYNJ2BP	GDAP1L1	ZEB2-AS1	ZNF43	ZNF440	SUMO4	LRRC8E	HEATR6	PINK1	TCF7L1	THTPA	NLGN2	ZNF708	ZFP82	TFIP11	RALGAPA1	C17orf97	SART1	SIPA1L3	RPS6KA5	ZNF14	MMP9	NEK5	SLC4A1


