(4, 7, 61, 119, 173, 193, 195, 204, 209, 211, 10, 17, 22, 28, 34, 35, 40, 46, 54, 58, 68, 72, 79, 81, 85, 92, 97, 100, 106, 113, 120, 125, 130, 137, 143, 145, 152, 156, 160, 166, 176, 181, 186)
RAPH1	ZCWPW1


(4, 9, 60, 117, 171, 191, 196, 204, 209, 211, 10, 17, 22, 28, 34, 35, 40, 46, 54, 58, 69, 70, 75, 84, 85, 92, 97, 100, 106, 113, 120, 125, 130, 137, 143, 145, 152, 156, 160, 166, 176, 183, 185)
SUPV3L1


(4, 9, 60, 117, 171, 191, 196, 204, 209, 211, 10, 17, 22, 29, 31, 37, 44, 48, 53, 59, 69, 70, 75, 84, 85, 92, 97, 100, 106, 113, 120, 125, 131, 136, 143, 145, 152, 156, 160, 166, 176, 181, 186)
SBK1


(4, 9, 60, 117, 171, 191, 196, 204, 209, 211, 10, 17, 22, 29, 30, 39, 44, 45, 52, 56, 67, 71, 77, 82, 89, 90, 98, 102, 109, 114, 120, 125, 131, 136, 143, 145, 152, 156, 160, 166, 176, 181, 186)
FBXO22


(4, 9, 60, 117, 171, 191, 196, 204, 209, 211, 10, 17, 22, 28, 34, 35, 40, 47, 50, 55, 66, 71, 77, 82, 89, 90, 98, 102, 109, 114, 120, 125, 130, 137, 143, 145, 151, 158, 160, 166, 176, 181, 186)
PET117


(4, 9, 60, 117, 171, 191, 198, 203, 208, 213, 11, 17, 22, 28, 34, 35, 40, 47, 50, 55, 66, 71, 77, 82, 89, 90, 98, 102, 109, 114, 120, 125, 131, 136, 143, 145, 152, 156, 160, 166, 176, 181, 186)
SH2D2A


(4, 7, 61, 119, 172, 193, 195, 204, 209, 211, 10, 17, 22, 28, 34, 35, 40, 47, 50, 55, 66, 71, 77, 82, 89, 90, 98, 102, 109, 114, 120, 125, 130, 137, 143, 145, 152, 156, 160, 169, 179, 182, 187)
CLEC4G


(4, 9, 60, 117, 171, 191, 196, 204, 209, 211, 10, 17, 22, 28, 34, 35, 40, 46, 54, 58, 68, 72, 79, 81, 85, 92, 97, 100, 106, 113, 120, 125, 131, 136, 143, 145, 152, 156, 160, 166, 176, 181, 186)
PJA2	BTBD7	SV2A	RAB11FIP1	HDAC3	GPR3	CLSTN1	UPF3A	SSH1	DCUN1D5	ZNF101	MESDC2	MRPL2	GPR89A	CNOT6L	FCRL3	C12orf49	KLF10	MFSD5	ASXL1	UFD1L	MNAT1	ALOX5AP	ZFX	TRAF3IP1	FBXW2	RANBP1	GGA2	VPS26B	NDUFA1	FBXW7	PHLPP2	COPZ2	NUDT11	USP48	GGCX	CRY1	WBP1L	SRPK2	TBC1D19	ZNF587B	TMEM171	S100PBP	C22orf23	VOPP1	RNF214	C14orf93	ZNF330	ZNF483


(4, 7, 61, 119, 172, 193, 195, 204, 209, 211, 10, 17, 22, 28, 34, 35, 40, 46, 54, 58, 68, 72, 79, 81, 85, 92, 97, 100, 106, 113, 120, 125, 130, 137, 143, 145, 152, 156, 160, 166, 176, 181, 186)
PDXDC2P	FAM153B	CLCN6


(4, 9, 60, 117, 171, 191, 196, 204, 209, 211, 10, 17, 22, 29, 31, 37, 41, 49, 50, 55, 66, 71, 77, 82, 89, 90, 98, 102, 109, 114, 120, 125, 131, 136, 143, 145, 152, 156, 160, 166, 176, 181, 186)
DCAF13	TMEM68	SLC39A9	OXSM	METTL13	CYB5B	SCYL3	YIPF6	VPS4B


(4, 9, 60, 117, 171, 191, 196, 204, 209, 211, 10, 17, 22, 28, 34, 35, 40, 47, 50, 55, 66, 71, 77, 82, 89, 90, 98, 102, 109, 114, 121, 125, 131, 136, 143, 145, 152, 156, 160, 166, 176, 181, 186)
KLHL14


(4, 9, 60, 117, 171, 191, 196, 204, 209, 211, 10, 17, 22, 28, 34, 35, 40, 46, 54, 58, 69, 70, 75, 84, 86, 91, 97, 100, 106, 113, 120, 125, 130, 137, 143, 145, 152, 156, 160, 166, 176, 181, 186)
FITM2	TBCB	COQ9	GAPT


(4, 9, 60, 117, 171, 191, 196, 204, 209, 211, 10, 17, 22, 28, 34, 35, 40, 46, 54, 58, 69, 70, 75, 84, 85, 92, 97, 100, 106, 113, 120, 125, 131, 136, 143, 145, 151, 158, 160, 166, 176, 181, 186)
SPTBN4


(4, 7, 61, 119, 172, 193, 195, 204, 209, 211, 10, 17, 22, 28, 34, 35, 40, 46, 54, 58, 69, 70, 77, 82, 89, 90, 98, 102, 109, 114, 120, 125, 131, 136, 143, 145, 152, 156, 160, 166, 176, 181, 186)
ERICH1


(4, 7, 63, 118, 170, 190, 199, 201, 206, 212, 12, 18, 20, 28, 34, 35, 40, 46, 54, 58, 69, 70, 75, 84, 86, 91, 97, 100, 106, 113, 120, 125, 130, 137, 143, 145, 152, 156, 160, 166, 176, 181, 186)
GCNT2


(4, 9, 60, 117, 171, 191, 196, 204, 209, 211, 10, 17, 22, 28, 34, 35, 40, 47, 50, 55, 66, 71, 77, 82, 89, 90, 98, 102, 109, 114, 120, 125, 130, 137, 143, 145, 152, 156, 163, 167, 178, 180, 185)
SERHL


(4, 9, 60, 117, 171, 191, 196, 204, 209, 211, 10, 17, 22, 28, 34, 35, 40, 47, 50, 55, 66, 71, 77, 82, 89, 90, 98, 102, 109, 114, 121, 125, 130, 137, 143, 145, 152, 156, 160, 166, 176, 181, 186)
MRPL22	RANGAP1


(4, 7, 63, 118, 170, 190, 199, 201, 206, 212, 12, 18, 20, 28, 34, 35, 40, 46, 54, 58, 68, 72, 79, 81, 85, 92, 97, 100, 106, 113, 120, 125, 130, 137, 143, 145, 152, 156, 160, 166, 176, 181, 186)
SLC35F6


(4, 7, 61, 119, 172, 193, 197, 201, 206, 212, 12, 18, 20, 28, 34, 35, 40, 47, 50, 55, 66, 71, 77, 82, 89, 90, 98, 102, 109, 114, 120, 125, 130, 137, 143, 145, 152, 156, 160, 166, 176, 181, 186)
TBC1D8	SLC11A1	SLC22A15


(4, 7, 63, 118, 170, 190, 199, 202, 207, 212, 12, 18, 20, 28, 34, 35, 40, 46, 54, 58, 69, 70, 75, 84, 85, 92, 96, 103, 109, 114, 120, 125, 131, 136, 143, 145, 152, 156, 160, 166, 176, 181, 186)
RHOA


(4, 7, 60, 117, 171, 191, 196, 201, 206, 212, 12, 18, 20, 28, 34, 35, 40, 46, 54, 58, 69, 70, 75, 84, 85, 92, 97, 100, 106, 113, 120, 125, 130, 137, 143, 145, 152, 156, 160, 166, 176, 181, 186)
C2


(4, 7, 63, 118, 170, 190, 199, 202, 207, 212, 12, 18, 20, 28, 34, 35, 40, 46, 54, 58, 69, 70, 75, 84, 85, 92, 97, 100, 106, 113, 120, 125, 130, 137, 143, 145, 152, 156, 163, 166, 176, 181, 186)
RPH3A


(4, 9, 60, 117, 171, 191, 196, 204, 209, 211, 10, 17, 22, 28, 34, 35, 40, 47, 50, 55, 66, 71, 77, 82, 89, 90, 98, 102, 109, 114, 120, 125, 130, 137, 143, 145, 152, 156, 160, 169, 179, 182, 187)
IVD	CAMKK1


(4, 7, 63, 118, 170, 190, 199, 201, 206, 212, 12, 18, 20, 28, 34, 35, 40, 46, 54, 58, 69, 70, 75, 84, 85, 92, 97, 100, 106, 113, 120, 125, 131, 136, 143, 145, 152, 156, 160, 166, 176, 181, 186)
SASH1	CLEC4A


(4, 7, 63, 118, 170, 190, 199, 202, 207, 212, 12, 18, 20, 28, 34, 35, 40, 46, 54, 58, 69, 70, 75, 84, 85, 92, 97, 100, 106, 113, 120, 125, 130, 137, 143, 145, 152, 156, 160, 166, 176, 181, 186)
TMEM74B


(4, 9, 60, 117, 171, 191, 196, 204, 209, 211, 10, 17, 22, 29, 31, 37, 41, 49, 50, 55, 66, 71, 77, 82, 89, 90, 98, 102, 109, 114, 120, 125, 130, 137, 143, 145, 152, 156, 160, 166, 176, 181, 186)
KLHL41	KLHL17	SH3BP5L	VTA1	MRPL39	CEACAM21	ARL6	LYSMD3	ZNF606	PTGDR	SLC25A19	ZNF585B	MR1	DENND2D	SOCS4	SNX18	SFR1	MIR155HG	ZNF583	SLC46A3	ZNF772	GTPBP10	FPR3	TOR4A	RMI1	GALC	LRRN3	THG1L	FANCM	NAA38	CHIC1	ZNF525	SERPINB9	TMX3


(4, 7, 63, 118, 170, 190, 199, 201, 206, 212, 12, 18, 20, 28, 34, 35, 40, 47, 50, 55, 66, 71, 77, 82, 89, 90, 98, 102, 109, 114, 120, 125, 130, 137, 143, 145, 152, 156, 160, 166, 176, 181, 186)
PRCP	PLA2G4A	NAAA	PLEKHO2	RAPGEFL1	OAS1	PAPSS1	LPCAT3	PDK4	LAP3	MS4A6A	KIAA0141	MYO7B	DNPEP	FAM105A	COX8A	USF1	ZNF768	SERPINA1	IL27	P4HTM	CYP1B1


(4, 7, 63, 118, 170, 190, 199, 201, 206, 212, 12, 18, 20, 28, 34, 35, 40, 46, 54, 58, 69, 70, 75, 84, 85, 92, 96, 103, 109, 114, 120, 125, 131, 136, 143, 145, 152, 156, 160, 166, 176, 181, 186)
BNIP2


(4, 7, 63, 118, 170, 190, 199, 201, 206, 212, 12, 18, 24, 27, 34, 35, 40, 47, 50, 55, 66, 71, 77, 82, 89, 90, 98, 102, 109, 114, 120, 125, 130, 137, 143, 145, 152, 156, 160, 166, 176, 181, 186)
ZC3H11A


(4, 9, 60, 117, 171, 191, 196, 204, 209, 211, 10, 17, 22, 28, 34, 35, 40, 46, 54, 58, 69, 70, 75, 84, 85, 92, 96, 103, 109, 114, 120, 125, 131, 136, 143, 145, 152, 156, 160, 166, 176, 181, 186)
MNS1	PPM1A	BRCA1	FRMD3	TREML1	IPP	DNM3	SKA3	RPA1	RAB3C	OPHN1	C15orf54	USP31	ZNF347	DNAH12	BICD2	MSC	TUBGCP4	TTC30A	CDKL4	CORO1C	UNC13B	COG3	MPP7	GLYATL2	RERE	PLCB4	PDGFRA	TXNL4B	MAST4	HBG2	HDAC5	TMEM67	ZNF542	ARHGAP6	REPS2	DUSP19	SMIM3	TBC1D14	PLA2G12A	SH3BGRL2	CLU	CCDC103	INPP5B	HIPK3	TBC1D1	MFN2


(4, 7, 61, 119, 172, 193, 195, 204, 209, 211, 10, 17, 22, 28, 34, 35, 40, 46, 54, 58, 69, 73, 77, 82, 89, 90, 98, 102, 109, 114, 120, 125, 130, 137, 143, 145, 152, 156, 160, 166, 176, 181, 186)
NOXRED1


(4, 9, 60, 117, 171, 191, 196, 204, 209, 211, 10, 17, 22, 28, 34, 35, 40, 46, 54, 58, 69, 71, 77, 82, 89, 90, 98, 102, 109, 114, 120, 125, 130, 137, 143, 145, 152, 156, 160, 166, 176, 181, 186)
NEBL	ZNF878


(4, 9, 60, 117, 171, 191, 196, 204, 209, 211, 10, 17, 22, 28, 34, 35, 40, 46, 54, 58, 69, 70, 75, 84, 85, 92, 96, 103, 109, 114, 120, 125, 130, 137, 143, 145, 152, 156, 160, 166, 176, 183, 185)
HBD


(4, 7, 63, 118, 170, 190, 199, 201, 206, 212, 12, 18, 20, 28, 34, 35, 40, 46, 54, 58, 69, 70, 75, 84, 85, 92, 96, 103, 109, 114, 120, 125, 130, 137, 143, 145, 152, 156, 160, 166, 176, 181, 186)
TNS3	NPL


(4, 9, 60, 117, 171, 191, 196, 204, 209, 211, 10, 17, 22, 28, 34, 35, 40, 46, 54, 58, 69, 71, 77, 82, 89, 90, 98, 102, 109, 114, 120, 125, 130, 139, 143, 145, 152, 156, 160, 166, 176, 181, 186)
SNAPC1


(4, 9, 60, 117, 171, 191, 196, 204, 209, 211, 10, 17, 22, 29, 31, 37, 44, 45, 52, 56, 67, 71, 77, 82, 89, 90, 98, 102, 109, 114, 120, 125, 130, 139, 140, 147, 153, 155, 160, 166, 176, 181, 186)
CCDC124


(4, 9, 60, 117, 171, 191, 196, 204, 209, 211, 10, 17, 22, 28, 34, 35, 40, 46, 54, 58, 69, 70, 75, 84, 86, 91, 97, 100, 106, 113, 120, 125, 130, 139, 140, 147, 153, 159, 164, 167, 178, 180, 185)
HIGD1B


(4, 7, 63, 118, 170, 190, 199, 201, 206, 212, 12, 18, 20, 28, 34, 35, 40, 46, 54, 58, 69, 70, 75, 84, 85, 92, 97, 100, 106, 113, 120, 125, 130, 137, 143, 145, 152, 156, 160, 166, 176, 181, 186)
CARD16	NHS	SPOPL	DSC2	COTL1	CBWD2


(4, 9, 60, 117, 171, 191, 196, 204, 209, 211, 10, 17, 22, 28, 34, 35, 40, 46, 54, 58, 69, 73, 77, 82, 89, 90, 98, 102, 109, 114, 120, 125, 130, 137, 143, 145, 152, 156, 160, 166, 176, 181, 186)
HEATR5B	EPOR	HIST1H1T	OGFRL1	TFIP11	TTF2	METTL12	LARP4	ZNF14


(4, 9, 60, 117, 171, 191, 196, 204, 209, 211, 10, 17, 22, 28, 34, 35, 40, 46, 54, 58, 68, 72, 79, 81, 85, 92, 97, 100, 106, 113, 120, 125, 130, 139, 142, 149, 152, 156, 160, 166, 176, 181, 186)
INADL	KIAA2018


(4, 9, 60, 117, 171, 191, 196, 204, 209, 211, 10, 17, 22, 28, 34, 35, 40, 47, 50, 55, 66, 71, 77, 82, 89, 90, 98, 102, 109, 114, 120, 125, 130, 137, 143, 145, 152, 156, 160, 166, 176, 181, 186)
CIITA	SKIV2L	SLC35E3	ALOX15B	HAGHL	RPP40	MED30	PKIB	CPSF4	ALPK2	ING4	ST6GALNAC3	GBE1	TRPM2	ZNF274	ZNF385C	PRKRA	RASIP1	HESX1	CACNA1C	NCF1C	ALYREF	GADD45G	OXR1	PRR5	GDAP1L1	PCBP4	LILRA4	SPTLC3	CARHSP1	SAR1A	TBRG4	WDR83	ZNF879	RTKN	SERPINH1	ZNF658	TMEM27	RTN4RL1	NPDC1	KCNH7	D2HGDH	C17orf104	AMN	PTPRN2	DNAH3	SSR4P1	WARS2	KDM8	ZNF256	COPS8	FAM32A	R3HDM4	ABHD11	AP3S1	GPC3	C1orf174	ADAMTS14	APBB1	ZNF569	EPB41L4A-AS1	TBC1D9B	LZTFL1	ZNF254	CCDC22	COX16	SERTAD1	CYTL1	VTN	RET	POLR3H	CWF19L1	RNF31	XRCC1	COPS7A	ENDOU	POMT2	ST5	GPR35	TBC1D5	ATOH8	POMP	TSPAN32	ACTR1B	SLC35A3	E2F8	ZNF826P	SEMA7A	TBC1D9	INTS12	SNPH	SLC25A28	SH3GLB2	HRAS	NSUN5P1	ZNF354A	N6AMT1	PSME2	SIVA1	OSBPL5	BTBD2	PGBD2	SMYD4	TYW3	RMI2	HIAT1	TEX30	FLYWCH1	TMEM168	HSPA12B	IFNL1	ZNF396	NINJ1	NSMCE4A	POLR2J3	PDGFRB	PINK1	KLRF2	CD96	RUFY4	NOP9	AQP1	INO80B	GTF2F1	DCLRE1C	CCDC43	NAGLU	C10orf32	FAM209A	KIAA1211L	PABPC1L	NLGN2	PSMB10	RRP9	KIR3DL1	MTO1	SLX4	TPK1	ACPT	ZNF75D	TMEM129	TCTEX1D2	CYP4F22	VASH2	FBXO45	GRM2	NAT8	LIPE	IKBKE	LNX1	HBEGF	ACO1	POLI	AGMAT	CD83	SGK223	MST1P2	VMO1	ATP5G2	GNAI3	ZNF235	CHURC1	PTPRCAP	SLC27A1	NAALADL1	MBOAT4	SPNS1	NUP35	COX20	FAM60A	AP2A2	HUS1B	COMMD3	ASNSD1	ZNF680	ZNF334	DDX56	ZNF432	GGT1	LMO4	HPS6	PFKP	KCTD13	PUS7L	TFAP4	ROCK1P1	C1orf159	SSNA1	CEP85	TMEM139	HDAC6	TYSND1	RPS4Y1	NOG	BTBD8	FBLN7	LAMP3	HMOX2	ZFP36	PPP3CA	HAVCR2	FASTKD5	TGFBRAP1	MICAL1	FAM110C	DGUOK	NPEPL1	EMP1	SH2D4B	SLC35B3	SUCO	FADS2	CXCL10	ARL8A	COLEC12	ICAM4	PYROXD2	GSTP1	TUBGCP6	C3orf38	GALNS	APOBEC3H	TMC6	CERS6	PSENEN	NT5C	CCDC12	AMMECR1L	PLLP	TMEM198	PLGRKT	AIM1L	GNLY	RCN2	SYBU


(4, 7, 61, 119, 172, 193, 197, 201, 206, 212, 12, 18, 20, 28, 34, 35, 40, 47, 50, 55, 66, 71, 77, 82, 89, 90, 98, 102, 109, 114, 120, 125, 131, 136, 143, 145, 152, 156, 160, 166, 176, 181, 186)
ABCA1	NAIP


(4, 7, 61, 119, 172, 193, 195, 204, 209, 211, 10, 17, 22, 28, 34, 35, 40, 47, 50, 55, 66, 71, 77, 82, 89, 90, 98, 102, 109, 114, 120, 125, 131, 136, 143, 145, 152, 156, 160, 166, 176, 181, 186)
ALDH4A1	FAM90A1	CLEC3B	PBK	MYO1F	CHCHD6	CLCN2


(4, 7, 61, 119, 172, 193, 195, 204, 209, 211, 10, 17, 22, 29, 31, 37, 41, 49, 50, 55, 66, 71, 77, 82, 89, 90, 98, 102, 109, 114, 120, 125, 131, 136, 143, 145, 152, 156, 160, 166, 176, 181, 186)
NACC2


(4, 9, 60, 117, 171, 191, 196, 204, 209, 211, 10, 17, 22, 28, 34, 35, 40, 47, 50, 55, 66, 71, 77, 82, 89, 90, 98, 102, 109, 114, 120, 125, 130, 139, 142, 149, 152, 156, 160, 166, 176, 181, 186)
COX7C	ZNF699


(4, 9, 60, 117, 171, 191, 196, 204, 209, 211, 10, 17, 22, 28, 34, 35, 40, 46, 54, 58, 69, 73, 77, 82, 89, 90, 98, 102, 109, 114, 120, 125, 131, 136, 143, 145, 152, 156, 160, 166, 176, 181, 186)
C3orf58	CRAT	HJURP	PIP5K1A


(4, 9, 60, 117, 171, 191, 196, 204, 209, 211, 10, 17, 22, 28, 34, 35, 40, 47, 50, 55, 66, 71, 77, 82, 89, 90, 98, 102, 107, 110, 123, 126, 134, 137, 143, 145, 152, 156, 160, 166, 176, 181, 186)
SPNS3


(4, 9, 60, 117, 171, 191, 196, 204, 209, 211, 10, 17, 22, 28, 34, 35, 40, 46, 54, 58, 66, 71, 77, 82, 85, 92, 97, 100, 106, 113, 120, 125, 131, 136, 143, 145, 152, 156, 160, 166, 176, 181, 186)
EXO1


(4, 9, 60, 117, 171, 191, 196, 204, 209, 211, 10, 17, 22, 28, 34, 35, 40, 49, 50, 55, 66, 71, 77, 82, 89, 90, 98, 102, 109, 114, 120, 125, 131, 136, 143, 145, 152, 156, 160, 166, 176, 181, 186)
KDELC1


(4, 9, 60, 117, 171, 191, 196, 204, 209, 211, 10, 17, 22, 28, 34, 35, 40, 46, 54, 58, 69, 70, 75, 84, 85, 92, 96, 103, 109, 114, 120, 125, 130, 139, 140, 147, 153, 155, 160, 166, 176, 181, 186)
PNO1


(4, 9, 60, 117, 171, 191, 196, 204, 209, 211, 10, 17, 22, 28, 34, 35, 40, 47, 50, 55, 66, 71, 77, 82, 89, 90, 98, 102, 109, 114, 120, 125, 130, 139, 140, 147, 153, 155, 160, 166, 176, 181, 186)
TNFAIP8L1	ZNF517


(4, 9, 60, 117, 171, 191, 196, 204, 209, 211, 10, 17, 22, 28, 34, 35, 40, 46, 54, 58, 69, 70, 75, 84, 85, 92, 95, 104, 106, 113, 120, 125, 130, 137, 143, 145, 152, 156, 160, 166, 176, 181, 186)
TEP1


(4, 9, 60, 117, 171, 191, 198, 200, 205, 210, 11, 17, 22, 28, 34, 35, 40, 46, 54, 58, 69, 70, 75, 84, 85, 92, 97, 100, 106, 113, 120, 125, 131, 136, 143, 145, 152, 156, 160, 166, 176, 181, 186)
FAM127C


(4, 7, 61, 119, 172, 193, 195, 204, 209, 211, 10, 17, 22, 28, 34, 35, 40, 47, 50, 55, 66, 71, 77, 82, 89, 90, 98, 102, 109, 114, 120, 125, 130, 137, 143, 145, 152, 156, 160, 166, 176, 181, 186)
PI4KAP1	CLCN7	PPP1R3F	SH3TC1	TRIOBP	CTU2	CARKD	TNFRSF12A	MRPL28	AVPR2	GSG2	EFNA4	POLR2J4	METTL10	SLC25A29	AURKAIP1	FKBP14	CDC25A	PPP6R2	TMED6	DEF6	CRHBP	FAM20C	DGCR11	NOC2L	SCARF1	CABYR	LCA5L	NCF4	OPLAH


(4, 9, 60, 117, 171, 191, 196, 204, 209, 211, 10, 17, 22, 28, 34, 35, 40, 46, 54, 58, 69, 70, 75, 84, 85, 92, 96, 103, 109, 114, 120, 125, 130, 137, 143, 145, 152, 156, 160, 166, 176, 181, 186)
CCDC3	MBNL2	SENP5	ATP13A4	TM4SF1	OR2B6	NFIB	HARBI1	MOB1B	RASA1	NID2	TOM1L2	MIPOL1	HUS1	RTEL1	FGFR1OP	PDLIM1	RPS6KA5


(3, 6, 61, 119, 172, 193, 195, 204, 209, 211, 10, 17, 22, 28, 34, 35, 40, 46, 54, 58, 68, 72, 79, 81, 85, 92, 97, 100, 106, 113, 120, 125, 131, 136, 143, 145, 152, 156, 160, 166, 176, 181, 186)
STRN4


(4, 9, 60, 117, 171, 191, 196, 204, 209, 211, 10, 17, 22, 28, 34, 35, 40, 46, 54, 58, 69, 70, 75, 84, 86, 91, 97, 100, 106, 113, 120, 125, 130, 137, 143, 145, 152, 156, 160, 169, 179, 182, 187)
AP1S3


(4, 7, 63, 118, 170, 190, 199, 201, 206, 212, 12, 18, 20, 28, 34, 35, 40, 47, 50, 55, 66, 71, 77, 82, 89, 90, 98, 102, 109, 114, 120, 125, 130, 137, 143, 145, 152, 156, 161, 168, 179, 182, 187)
UPP1


(4, 9, 60, 117, 171, 191, 196, 204, 209, 211, 10, 17, 22, 28, 34, 35, 40, 46, 54, 58, 66, 71, 77, 82, 85, 92, 97, 100, 109, 114, 120, 125, 130, 139, 140, 147, 153, 155, 160, 166, 176, 181, 186)
BCL7B


(4, 9, 60, 117, 171, 191, 196, 204, 209, 211, 10, 17, 22, 28, 34, 35, 40, 46, 54, 58, 69, 70, 75, 84, 85, 92, 97, 100, 106, 113, 120, 125, 130, 139, 140, 147, 153, 155, 160, 166, 176, 181, 186)
TNIP3	ADD2	FAM149B1	SLC4A1


(4, 9, 60, 117, 171, 191, 196, 204, 209, 211, 10, 17, 22, 28, 34, 35, 40, 46, 54, 58, 69, 70, 75, 84, 85, 92, 96, 103, 109, 114, 120, 125, 131, 136, 143, 145, 152, 156, 160, 166, 176, 183, 185)
THRB	IGF2BP2	EFHC2	MGAT4B


(4, 7, 63, 118, 170, 190, 199, 202, 207, 212, 12, 18, 20, 28, 34, 35, 40, 47, 50, 55, 66, 71, 77, 82, 89, 90, 98, 102, 109, 114, 120, 125, 130, 137, 143, 145, 152, 156, 160, 166, 176, 181, 186)
ERMAP	RFC2	PRADC1


(4, 9, 60, 117, 171, 191, 196, 204, 209, 211, 10, 17, 22, 28, 34, 35, 40, 46, 54, 58, 69, 70, 75, 84, 85, 92, 98, 102, 109, 114, 120, 125, 130, 137, 143, 145, 152, 156, 160, 166, 176, 181, 186)
SPRED2


(4, 7, 63, 118, 170, 190, 199, 201, 206, 212, 12, 18, 20, 28, 34, 35, 40, 47, 50, 55, 66, 71, 77, 82, 89, 90, 98, 102, 109, 114, 120, 125, 130, 137, 143, 145, 152, 156, 160, 169, 179, 182, 187)
TTYH3


(4, 9, 60, 117, 171, 191, 196, 204, 209, 211, 10, 17, 22, 28, 34, 35, 40, 46, 54, 58, 66, 71, 77, 82, 85, 92, 97, 100, 106, 113, 120, 125, 130, 137, 143, 145, 152, 156, 160, 166, 176, 181, 186)
GID4	EML3


(4, 7, 61, 119, 172, 193, 195, 204, 209, 211, 10, 17, 22, 28, 34, 35, 40, 46, 54, 58, 69, 70, 75, 84, 85, 92, 97, 100, 109, 114, 120, 125, 131, 136, 143, 145, 152, 156, 160, 166, 176, 181, 186)
ALDH1L2


(4, 7, 61, 119, 173, 193, 195, 204, 209, 211, 10, 17, 22, 28, 34, 35, 40, 47, 50, 55, 66, 71, 77, 82, 89, 90, 98, 102, 109, 114, 120, 125, 130, 137, 143, 145, 152, 156, 160, 166, 176, 181, 186)
ZDHHC1	SLC25A34


(4, 9, 60, 117, 171, 191, 196, 204, 209, 211, 10, 17, 22, 28, 34, 35, 40, 46, 54, 58, 69, 70, 75, 84, 85, 92, 97, 100, 106, 113, 120, 125, 130, 137, 143, 145, 152, 156, 160, 166, 176, 181, 186)
VPS52	IFITM4P	RAP1A	DOM3Z	SYNJ2BP	ARHGAP11B	NLRP9	CCDC144C	R3HDM1	ZNF43	CNNM1	OSBPL9	MBLAC1	ASB16	CHORDC1	ZNF440	CDK5RAP2	SF3A3	OTOF	CTHRC1	PDS5A	ZNF561	PDE7A	PRR13	TSC1	FBXL19-AS1	DTX3L	SRF	SLC25A18	SPEF2	UTP14C	ZNF143	PPP1R10	PRKCD	CRNKL1	NUP153	BTN3A3	CKAP5	TMEM108	FBLN5	HCCS	HOMEZ	CSNK2A3	ZSWIM7	ZNF91	C10orf35	ZKSCAN3	CADM1	CCDC18	FYCO1	HIP1	WISP3	MTDH	C10orf12	ISG20L2	CACYBP	KTN1	SPTBN1	SCRN3	NDUFV3	CINP	LRRC8E	HEATR6	HMGXB4	NCOA7	DDX59	MARK2	PCM1	PIBF1	TCF7L1	THTPA	PBRM1	MORC2	RBP7	DISP1	SLU7	RRP15	SIRT3	IBA57	HIF1A	C2orf16	PPIL2	ZNF708	TMEM99	ALS2CR12	DTNA	LTA	RALGAPA1	C6orf163	SLC6A20	FCHSD2	GAS8	ENAM	BCAS2	C17orf97	UPRT	NBPF9	SART1	RAB19	CDC37L1	PTP4A1	CDC16	RSL1D1	HOOK1	DUSP10	TLE4	NAP1L3	PHF11	CCSER2	JRKL	SERPING1	POF1B	DBF4	CD160	STAT2	NDUFAF6	RNF113A	SEZ6L	ANKRD18A	CHRNA10	PPFIA1	SLC4A4	ERP29	HLA-DOB	SNRPA1	CEBPG	TMEM131	DSTN	XPO7	MYH3	NEK5	MDN1


(4, 7, 63, 118, 170, 190, 199, 202, 207, 212, 12, 18, 20, 28, 34, 35, 40, 46, 54, 58, 69, 73, 77, 82, 89, 90, 98, 102, 109, 114, 120, 125, 130, 137, 143, 145, 152, 156, 160, 166, 176, 181, 186)
ZNF804A


(4, 9, 60, 117, 171, 191, 196, 204, 209, 211, 10, 17, 22, 29, 31, 37, 41, 49, 50, 55, 66, 71, 77, 82, 89, 90, 98, 102, 109, 114, 120, 125, 130, 139, 142, 149, 152, 156, 160, 166, 176, 181, 186)
NCOA5


(4, 7, 61, 119, 172, 193, 195, 204, 209, 211, 10, 17, 22, 28, 34, 35, 40, 46, 54, 58, 69, 70, 75, 84, 85, 92, 96, 103, 109, 114, 120, 125, 130, 137, 143, 145, 152, 156, 160, 166, 176, 181, 186)
SESTD1	SBSPON


(4, 9, 60, 117, 171, 191, 196, 204, 209, 211, 10, 17, 22, 28, 34, 35, 40, 46, 54, 58, 69, 71, 77, 82, 89, 90, 98, 102, 109, 114, 120, 125, 131, 136, 143, 145, 152, 156, 160, 166, 176, 181, 186)
PIK3C3


(4, 9, 60, 117, 171, 191, 196, 204, 209, 211, 10, 17, 22, 29, 30, 39, 44, 45, 52, 56, 67, 71, 77, 82, 89, 90, 98, 102, 109, 114, 120, 125, 130, 137, 143, 145, 152, 156, 160, 166, 176, 181, 186)
BRSK2	ZNF513	NPHP3-ACAD11


(4, 7, 63, 118, 170, 190, 199, 201, 206, 212, 12, 18, 24, 26, 30, 39, 44, 45, 52, 56, 67, 71, 77, 82, 89, 90, 98, 102, 109, 114, 120, 125, 131, 136, 143, 145, 152, 156, 160, 166, 176, 181, 186)
METRN


(4, 7, 61, 119, 172, 193, 195, 204, 209, 211, 10, 17, 22, 28, 34, 35, 40, 46, 54, 58, 69, 70, 75, 84, 85, 92, 97, 100, 106, 113, 120, 125, 130, 137, 143, 145, 152, 156, 160, 166, 176, 181, 186)
ZNF224	DHX57	BCYRN1	ULK2	SIPA1L2	ENO4	ORC1	SUMO4	CHRM3	TAS2R50	SPDYE6	C7orf71	CSAD	NOTCH2


(4, 7, 63, 118, 170, 190, 199, 202, 207, 212, 12, 18, 20, 28, 34, 35, 40, 47, 50, 55, 66, 71, 77, 82, 89, 90, 98, 102, 109, 114, 120, 125, 131, 136, 143, 145, 152, 156, 160, 166, 176, 181, 186)
CAT


(4, 9, 60, 117, 171, 191, 196, 204, 209, 211, 10, 17, 22, 28, 34, 35, 40, 47, 50, 55, 66, 71, 77, 82, 89, 90, 98, 102, 109, 114, 120, 125, 131, 136, 143, 145, 152, 156, 160, 166, 176, 181, 186)
LPCAT1	TCEB2	ALKBH2	FAU	WSCD1	PRPSAP1	ICAM2	UBE2E3	CHRNB1	FOXRED2	PTPN22	CCRN4L	SETDB2	ZFY	LRFN2	DYRK4	EXT2	SLC45A4	BBS9	EMC8	CDCA5	NR1I2	PRSS35	KCNC4	RUVBL1	MFSD2A	KLHL18	CHIC2	UBL5	DEPDC4	NME6	PDXP	TSPAN31	SLC25A16	WLS	CTSF	HYAL3	KCNQ3	TMEM203	KRT5	TRIM59	GATA1	SPPL2A	USP50	HSPB3	ABCA7	AP1S2	MGST3	TADA1	BUB1	CD8B	PDZD11	IL12RB2	SLC27A4	YIPF2	HIST1H3F	POU5F1B	NQO1	MOCS3	METTL21D	DNA2	ATP6AP1	TMEM101	OAZ1	BIVM	SLC2A14	TRAF7	CXCL3	PSMB9	UBL4A	DNAJB9	PPP1CB	COMT	ITGAM	FAM185A	RETN	PRDX4	PLAC8	ZNF32	FANCL	RAD51C	CABP7	KLHL7	SIPA1L3	HIST2H3D	PEMT	SCCPDH	HIST1H3C	CD244	GSTZ1	AKR1A1	MMP11	CDK1	TIA1	HSPA1L	HRASLS5	CAMSAP1	PDIA5	PYCARD	RHOC	MAT2B	TNFSF18	GPAT2	WDR34	TMEM251	GPRIN1	JUNB


(4, 9, 60, 117, 171, 191, 196, 204, 209, 211, 10, 17, 22, 29, 31, 37, 41, 49, 50, 55, 66, 71, 77, 82, 89, 90, 98, 102, 109, 114, 120, 125, 130, 137, 143, 145, 152, 156, 160, 166, 176, 183, 185)
MRM1


(4, 7, 61, 119, 172, 193, 197, 201, 206, 212, 12, 18, 20, 28, 34, 35, 40, 46, 54, 58, 69, 70, 75, 84, 85, 92, 97, 100, 106, 113, 120, 125, 130, 137, 143, 145, 152, 156, 160, 166, 176, 181, 186)
LYST


(4, 9, 60, 117, 171, 191, 196, 204, 209, 211, 10, 17, 22, 29, 30, 39, 44, 48, 53, 59, 69, 70, 75, 84, 85, 92, 97, 100, 106, 113, 120, 125, 130, 137, 143, 145, 152, 156, 160, 166, 176, 181, 186)
SETD1A	PLBD2


(4, 7, 61, 119, 172, 193, 195, 204, 209, 211, 10, 17, 22, 28, 34, 35, 40, 46, 54, 58, 69, 70, 75, 84, 85, 92, 97, 100, 106, 113, 120, 125, 131, 136, 143, 145, 152, 156, 160, 166, 176, 181, 186)
PCDHGA12	LRRTM2


(4, 7, 63, 118, 170, 190, 199, 201, 206, 212, 12, 18, 20, 28, 34, 35, 40, 47, 50, 55, 66, 71, 77, 82, 89, 90, 98, 102, 109, 114, 120, 125, 131, 136, 143, 145, 152, 156, 160, 166, 176, 181, 186)
KCNJ15	HSD17B11	WSB2


(4, 9, 60, 117, 171, 191, 196, 204, 209, 211, 10, 17, 22, 28, 34, 35, 40, 46, 54, 58, 69, 70, 75, 84, 85, 92, 97, 100, 106, 113, 120, 125, 131, 136, 143, 145, 152, 156, 160, 166, 176, 181, 186)
COPS3	CLEC17A	MRPS18B	FAM86B1	LYG2	CCDC102B	ORAI3	EXOSC9	NPPA-AS1	TICRR	ACLY	ERN1	ASH2L	PRKCSH	CEP55	GLB1	PTGFRN	KIF24	MAP2K7	CXCR1	SHROOM4	ACAN	RSPRY1	MORN2	TEX9	TESK2	CLDN16	CCDC15	CCDC125	IGBP1	PQBP1	AKD1	EIF1	BCAR3	ZMAT4	POLE4	UBE2B	KRI1	SLC35D1	ITPR1	NUDT19	IGF2R	COG7	IFT88	NT5DC1	KIR2DL1	P4HB	MSH2	RPL21P44	STRN3	MADD	RPL8	STAP1	MMP9


(4, 9, 60, 117, 171, 191, 196, 204, 209, 211, 10, 17, 22, 28, 34, 35, 40, 46, 54, 58, 69, 70, 75, 84, 85, 92, 97, 100, 106, 113, 120, 125, 130, 139, 142, 149, 152, 156, 160, 166, 176, 181, 186)
ZFP82	ARHGAP23	LINC00266-1


(4, 9, 60, 117, 171, 191, 196, 204, 209, 211, 10, 17, 22, 28, 34, 35, 40, 46, 54, 58, 68, 72, 79, 81, 85, 92, 96, 103, 109, 114, 120, 125, 131, 136, 143, 145, 152, 156, 160, 166, 176, 181, 186)
MORF4L1	DHCR7	UBE3B


(4, 7, 63, 118, 170, 190, 199, 201, 205, 210, 11, 17, 22, 28, 34, 35, 40, 47, 50, 55, 66, 71, 77, 82, 89, 90, 98, 102, 109, 114, 120, 125, 131, 136, 143, 145, 152, 156, 160, 166, 176, 181, 186)
CLCF1


(4, 9, 60, 117, 171, 191, 196, 204, 209, 211, 10, 17, 22, 28, 34, 35, 40, 46, 54, 58, 68, 72, 79, 81, 85, 92, 97, 100, 106, 113, 120, 125, 130, 137, 143, 145, 152, 156, 160, 166, 176, 181, 186)
GPATCH11	ARFIP2	GPATCH3	ORAOV1	LUZP1	DSTYK	ACADVL	KIAA2026	LTB4R	PUM2	ZEB2-AS1	AMMECR1	DNAJC2	KCNA3	PRRC2B	TRERF1	RUFY2	PCDHGB3	SEPT1	SGPP2	MTX3	RRAGB	KAT7	CA6	UBE2Z	YTHDF3	KIAA0922	PLD2	DHDDS	PCMTD2	MAPKAPK5	METTL21A	SMG7	ACADSB	FMN1	SLC25A38	RAP2C	SLFN13	ATP2A2	KIF5A	ARHGAP17	SMARCC2	POLR3D	GNPNAT1	CASK	GIGYF2	TTTY15	SRSF5	SLC5A6	CELF1	ZADH2	SLC7A5P2	RHBDD2	MAGEF1	TSC22D2	CNOT6	MGEA5	KCNJ9	CWC25	GNG2	ZNF652	ATP10A	HP1BP3	CDK9	HIVEP2	RNF187	MBTPS2	MAP3K8	SFPQ	PDPR	LUC7L3	MAPRE1	KPNA1	MIA3	SRSF1	SEC31B	TNIP1	CCND2	CCDC59	CECR1	RPIA	TRAPPC6B	TEX261	HEBP1	DIXDC1	TUSC2	NR3C2	TMPO	SMAP2	LONP2	DNAJA2	DGCR8	TMEM63A	EIF2B5	SYDE2	NCOA1	ZNF207	PRPF3	TACO1	EXOSC2	NOP58	PHF17	ANP32E	FBXO11	CD1A	EIF2D	NOP56	HSF2BP	CCNT1	NOM1	TXLNA	FAM8A1	ST3GAL1	FAM136A	AMT


